2.2478 277.998
13.0984 116.166
24.9085 40.6655
21.7068 629.185
36.8692 254.922
22.4959 816.744
129.648 51.2595
70.0332 294.918
63.0996 721.507
364.293 27.7577
206.25 117.955
91.1996 660.795
90.6864 884.344
361.93 57.856
579.8 26.2382
277.165 125.147
194.72 272.353
151.987 451.902
255.707 177.199
204.422 281.658
151.366 546.517
139.796 710.914
254.222 371.377
442.851 123.563
159.217 960.262
635.712 62.047
641.287 63.7797
662.427 67.6071
570.739 93.1866
278.609 416.527
257.729 506.398
241.905 668.72
392.441 265.447
252.801 642.973
223.135 861.835
669.671 97.1865
450.553 278.316
369.679 440.357
251.8 956.092
530.241 226.801
684.091 142.134
895.653 88.5833
408.61 448.821
407.895 496.082
733.181 163.286
821.955 131.29
481.225 410.172
495.976 392.152
365.967 764.631
469.545 482.277
523.834 395.763
512.626 413.436
726.48 211.872
413.044 673.896
557.936 369.636
914.263 138.489
985.087 130.288
782.239 211.032
480.398 611.682
584.738 417.898
552.205 495.171
572.325 510.52
477.836 756.818
545.413 583.182
463.968 936.485
604.015 574.997
793.99 352.365
623.271 651.544
546.67 934.227
644.424 673.153
655.372 650.872
550.287 942.952
830.941 423.976
641.776 770.5
828.3 480.373
848.201 487.336
652.442 824.449
614.448 944.404
645.511 861.225
638.03 892.581
642.826 916.181
716.232 745.183
953.429 424.012
858.502 547.719
681.122 895.253
774.596 717.483
872.346 586.876
793.111 715.099
892.011 566.571
801.235 739.168
951.84 526.793
932.658 578.055
893.472 654.925
840.697 771.938
826.876 930.195
943.88 724.24
818.503 965.199
993.979 666.407
849.494 953.079
987.023 712.029
