552.205 495.171
774.596 717.483
893.472 654.925
953.429 424.012
512.626 413.436
278.609 416.527
408.61 448.821
932.658 578.055
151.987 451.902
951.84 526.793
858.502 547.719
557.936 369.636
570.739 93.1866
364.293 27.7577
277.165 125.147
579.8 26.2382
22.4959 816.744
21.7068 629.185
257.729 506.398
985.087 130.288
392.441 265.447
828.3 480.373
24.9085 40.6655
645.511 861.225
604.015 574.997
584.738 417.898
90.6864 884.344
252.801 642.973
641.776 770.5
684.091 142.134
793.111 715.099
642.826 916.181
251.8 956.092
840.697 771.938
413.044 673.896
669.671 97.1865
895.653 88.5833
550.287 942.952
480.398 611.682
450.553 278.316
530.241 226.801
821.955 131.29
194.72 272.353
614.448 944.404
481.225 410.172
641.287 63.7797
662.427 67.6071
477.836 756.818
993.979 666.407
159.217 960.262
849.494 953.079
830.941 423.976
407.895 496.082
469.545 482.277
361.93 57.856
36.8692 254.922
872.346 586.876
782.239 211.032
546.67 934.227
892.011 566.571
129.648 51.2595
681.122 895.253
818.503 965.199
733.181 163.286
151.366 546.517
523.834 395.763
365.967 764.631
442.851 123.563
623.271 651.544
223.135 861.835
793.99 352.365
241.905 668.72
726.48 211.872
204.422 281.658
139.796 710.914
255.707 177.199
545.413 583.182
638.03 892.581
655.372 650.872
369.679 440.357
13.0984 116.166
91.1996 660.795
914.263 138.489
635.712 62.047
463.968 936.485
70.0332 294.918
826.876 930.195
987.023 712.029
572.325 510.52
206.25 117.955
652.442 824.449
254.222 371.377
2.2478 277.998
495.976 392.152
644.424 673.153
801.235 739.168
716.232 745.183
943.88 724.24
63.0996 721.507
848.201 487.336
